15 1
12 8
10 10
8 0
13 17
8 19
12 9
6 21
7 30
4 5
2 15
7 16
11 9
11 17
13 13
9 3
5 15
13 4
3 23
13 26
7 10
4 29
15 23
11 28
1 23
15 13
14 21
8 8
13 2
5 16
2 1
15 15
13 4
1 23
8 26
0 16
7 27
13 17
7 2
1 1
8 25
4 21
15 2
14 15
6 27
2 2
14 4
10 9
1 16
13 23
13 5
15 18
14 20
4 27
8 21
7 8
11 11
2 26
0 21
14 27
9 25
0 3
2 26
14 0
2 26
2 26
14 27
13 10
0 4
11 15
5 5
14 27
15 23
0 22
5 12
3 11
14 17
14 27
0 26
4 18
4 22
8 12
10 24
0 29
13 18
9 22
5 14
11 15
14 20
13 12
12 11
12 30
8 8
13 26
9 20
0 7
2 12
15 30
15 25
10 6
