6 77
5 25
2 19
9 20
8 27
10 28
7 91
9 70
0 57
1 30
7 21
1 70
8 70
7 34
8 94
8 86
10 4
4 61
3 38
4 5
10 76
3 46
8 28
5 10
6 76
0 3
5 10
7 53
6 33
2 52
1 61
6 75
3 14
2 1
4 4
3 90
0 17
1 72
10 61
6 24
1 64
0 19
7 0
2 56
10 89
0 39
3 82
3 14
4 23
10 78
8 11
7 85
2 29
6 42
4 14
8 71
9 71
0 6
0 91
3 94
5 70
0 5
5 42
8 57
6 58
3 75
1 46
2 71
10 10
4 61
6 58
2 5
9 1
5 94
5 30
5 27
8 33
7 62
0 76
0 54
3 1
10 87
5 96
4 44
9 84
9 22
8 67
3 97
4 6
4 54
1 82
9 77
1 25
1 85
8 10
3 59
9 67
6 23
1 65
10 91
3 3
2 69
0 23
0 84
9 59
6 82
0 72
4 15
1 60
7 31
1 14
9 25
1 67
2 93
2 55
7 9
5 99
3 15
2 26
4 89
8 69
10 38
3 97
9 23
1 33
6 45
6 57
9 51
2 86
9 40
4 8
4 89
0 9
5 98
2 22
2 99
4 1
8 20
0 38
1 75
4 15
1 65
7 69
1 50
7 25
4 51
3 12
0 44
5 33
8 15
8 8
5 98
4 28
7 0
10 66
2 60
8 80
10 41
6 32
4 22
5 92
8 4
1 90
0 13
2 82
5 79
1 79
6 24
9 97
9 46
5 94
10 61
8 58
5 94
0 81
4 14
10 10
4 0
8 50
7 47
5 93
10 38
1 67
5 9
2 78
0 8
8 80
1 45
7 33
2 34
6 28
1 80
4 84
8 83
5 57
3 73
5 50
10 11
5 66
3 31
8 71
5 35
6 84
0 90
5 74
1 63
3 28
0 92
6 92
9 14
3 46
6 73
5 97
9 70
3 81
3 52
2 60
2 7
8 5
8 27
3 86
1 89
2 68
10 73
6 84
0 79
1 29
9 94
0 42
6 19
6 68
2 87
4 76
4 2
8 17
0 6
7 59
5 79
6 14
4 70
0 65
9 64
2 34
5 34
5 82
2 76
2 5
7 37
1 8
1 65
1 76
7 25
10 19
5 87
8 37
0 28
3 83
6 52
3 82
9 0
5 79
2 31
3 24
9 90
6 20
2 29
4 64
7 64
9 69
8 79
1 86
5 55
0 20
2 51
7 49
0 99
2 55
7 93
1 15
7 87
8 3
1 20
10 49
3 83
1 70
6 57
3 93
7 89
7 4
6 14
4 12
9 23
8 2
6 79
2 6
2 34
7 29
1 54
4 32
8 81
4 82
4 72
9 91
0 14
2 64
1 33
8 95
7 23
9 66
5 10
0 8
7 77
6 16
1 12
6 43
1 84
1 77
2 7
10 70
7 54
2 41
10 44
1 80
3 36
10 29
8 50
0 34
5 32
6 17
2 93
6 34
10 12
6 46
4 4
9 9
7 46
1 63
2 70
5 34
2 7
4 91
6 28
6 11
1 90
0 43
2 35
4 61
9 88
10 81
0 24
9 48
8 88
6 1
6 67
9 63
6 5
2 34
2 65
3 53
4 32
4 67
7 73
8 40
2 33
2 7
5 92
10 52
7 22
2 81
9 92
5 16
0 15
5 78
5 94
5 37
5 79
4 84
3 16
2 8
2 24
1 100
8 98
5 93
9 23
3 6
3 50
2 65
10 93
10 64
5 9
4 15
9 13
0 40
5 91
0 26
6 2
7 94
4 79
1 52
3 13
4 41
6 93
0 8
3 62
4 84
1 25
6 82
3 40
4 24
8 61
9 51
9 1
2 65
4 31
7 65
0 74
8 25
7 79
10 78
9 19
3 93
2 10
0 79
7 96
1 87
9 76
9 94
0 68
8 12
10 100
10 43
7 33
4 82
5 77
6 60
2 0
4 12
10 20
7 35
0 35
9 83
8 77
6 24
6 66
5 85
5 85
3 91
2 77
10 34
9 45
2 4
5 47
8 28
1 76
2 66
8 76
3 11
2 58
1 54
6 99
3 72
8 86
7 1
1 78
6 61
8 93
5 65
6 75
1 0
1 90
1 12
3 21
10 23
1 10
7 12
8 17
10 64
6 2
7 62
4 76
3 12
8 19
10 48
0 5
7 96
1 75
5 45
10 91
5 37
1 90
3 5
1 100
8 87
6 79
4 82
9 75
0 38
0 3
6 14
7 38
