14 22
6 8
14 22
0 9
10 23
13 13
2 25
3 3
0 14
14 30
13 12
2 5
4 11
8 1
8 23
6 4
11 1
10 30
1 13
4 15
0 24
12 2
13 26
15 29
9 12
7 21
9 6
11 27
12 22
13 19
13 21
4 24
10 14
4 19
13 2
12 5
0 27
10 12
8 4
10 14
13 20
3 2
5 17
3 26
10 11
4 15
8 17
6 4
10 17
7 20
13 1
2 20
0 5
5 19
5 22
9 17
14 6
9 14
8 29
10 19
11 3
3 23
7 25
0 0
5 24
10 11
2 14
8 11
14 26
1 0
10 24
10 1
15 19
2 7
15 10
0 19
11 17
13 16
2 29
5 18
0 13
7 3
5 6
1 24
8 14
3 12
7 22
6 1
4 16
15 6
4 20
2 1
14 10
0 14
1 10
9 19
0 14
9 14
14 21
0 30
10 18
2 22
10 5
13 11
7 9
9 22
7 13
14 27
12 29
1 15
2 7
7 4
12 6
10 6
7 22
5 14
7 6
3 27
6 5
3 16
10 16
9 21
12 20
13 5
9 7
3 19
14 27
4 18
14 28
4 30
1 2
9 16
4 26
2 21
6 26
3 22
9 4
2 24
6 9
6 22
6 23
12 19
6 29
14 10
9 2
10 21
15 3
5 18
7 23
14 21
0 5
8 10
4 30
8 1
10 29
0 25
14 14
15 4
8 17
11 7
4 14
3 4
2 12
4 2
15 23
1 13
0 20
9 11
0 23
4 15
3 15
7 17
15 7
10 21
4 9
5 11
10 26
7 9
8 29
11 9
13 4
6 11
0 24
5 29
10 4
4 20
9 21
14 3
2 24
8 11
14 15
10 23
1 20
14 23
3 1
14 16
15 14
1 7
11 8
13 23
3 29
9 24
5 6
4 5
7 28
15 5
5 5
6 26
2 27
1 22
10 4
9 25
9 15
1 22
15 14
2 25
6 2
1 29
0 13
4 14
13 14
0 14
11 28
2 19
10 14
14 30
0 27
8 1
8 13
14 19
11 22
5 22
14 2
8 27
9 21
14 27
1 14
15 29
12 9
12 3
2 21
13 27
12 26
15 12
9 9
4 19
6 14
14 15
8 30
6 4
13 27
3 27
1 3
5 22
5 3
3 1
1 13
14 16
9 6
1 25
13 30
13 5
4 13
0 12
9 23
10 8
15 10
4 21
2 4
9 4
4 27
4 25
7 18
8 0
3 14
14 26
1 25
13 10
7 2
10 22
0 13
7 23
10 25
8 27
4 13
6 21
12 24
13 13
2 22
11 24
14 27
0 4
15 22
10 14
8 22
11 30
14 10
4 2
9 1
4 8
13 28
13 17
12 7
11 5
1 17
0 24
13 7
15 30
14 5
15 7
5 19
12 29
15 11
9 0
13 15
14 1
3 29
5 26
4 29
4 5
0 25
4 7
9 28
8 22
1 18
0 21
10 5
14 22
8 16
7 20
7 19
15 13
2 14
9 15
15 20
10 2
2 7
14 21
0 12
5 29
14 10
8 9
5 18
10 17
15 19
7 21
2 5
9 21
15 6
1 21
3 17
2 0
14 23
12 22
6 27
5 18
3 16
6 20
0 1
8 15
5 12
0 4
11 6
12 22
7 22
13 23
8 15
13 5
10 20
7 2
7 14
2 17
15 26
2 8
7 13
9 5
0 10
5 30
12 13
3 16
3 29
14 22
7 29
15 4
2 30
15 7
9 12
14 17
4 13
1 17
0 29
3 20
15 10
7 30
9 19
9 7
5 29
12 7
5 28
14 4
3 12
12 27
10 13
0 23
10 16
5 9
14 21
4 25
10 17
7 6
3 19
6 6
13 1
9 21
7 11
2 16
3 3
3 14
13 21
7 6
6 8
11 24
12 7
8 1
7 16
15 24
14 26
15 4
2 17
10 23
1 25
15 21
1 28
8 1
4 16
11 18
4 29
9 18
4 4
1 8
8 8
8 3
1 15
8 23
0 16
15 23
7 29
4 1
4 0
4 14
13 18
15 0
11 16
2 5
14 27
8 16
15 24
14 8
8 0
15 7
8 27
14 18
3 29
11 20
7 16
0 4
4 9
8 0
14 2
2 13
12 14
12 20
6 22
11 25
7 18
7 21
0 15
4 4
8 27
7 24
6 13
12 4
12 22
12 22
4 4
13 22
2 29
10 9
13 29
10 20
0 19
14 18
2 7
11 11
6 11
4 16
14 2
8 14
8 0
4 22
5 3
12 29
3 3
7 15
15 8
12 0
15 13
4 19
0 2
14 9
10 15
10 8
14 17
4 20
15 12
1 3
9 19
12 18
1 22
9 20
14 5
13 26
11 6
7 18
4 28
14 12
6 2
11 19
15 22
13 24
0 30
7 24
6 4
2 25
3 9
6 16
11 27
1 26
12 7
7 8
13 23
4 11
0 13
13 5
11 24
5 10
11 20
8 11
9 4
2 9
14 6
5 21
13 14
1 24
10 24
9 16
8 5
6 30
9 1
11 8
14 0
0 28
5 16
0 18
3 12
6 13
6 13
11 19
8 15
0 11
15 20
4 5
12 18
9 27
10 26
11 14
13 4
15 22
12 28
12 9
3 7
4 16
13 2
15 22
15 19
14 25
0 8
5 1
13 12
12 29
5 9
0 13
3 11
13 15
11 20
11 20
7 8
2 3
6 16
6 28
2 17
12 4
6 0
0 16
9 24
2 0
0 24
3 12
4 6
1 0
6 12
6 9
8 11
5 9
8 4
13 28
10 12
13 22
1 27
11 14
2 16
0 25
5 26
5 12
11 14
5 13
9 23
7 13
1 19
11 24
4 20
7 14
1 14
3 18
12 24
0 24
3 3
9 3
1 6
6 3
15 30
8 23
9 14
7 12
1 12
4 1
1 28
14 18
10 13
6 10
1 8
7 4
15 17
1 27
9 16
7 8
8 20
1 18
14 27
6 2
10 21
11 26
6 19
14 2
12 16
4 9
6 21
3 27
7 11
11 18
8 24
10 13
2 26
14 29
13 12
13 23
13 28
4 18
7 14
8 15
11 15
5 23
2 8
12 29
7 10
3 19
5 16
11 2
13 13
12 19
15 14
1 18
2 11
12 7
7 7
0 27
5 27
7 21
12 2
12 27
8 20
12 3
6 22
2 25
12 8
15 30
3 9
10 4
1 22
13 7
14 27
4 7
9 4
10 12
13 29
6 11
4 27
9 28
5 0
0 8
11 1
9 13
8 10
6 16
4 24
3 1
9 4
3 3
5 27
6 16
15 25
14 13
13 22
1 11
6 16
7 4
6 1
15 9
5 8
13 5
11 14
12 12
5 1
1 13
13 3
5 30
6 26
14 5
0 18
8 5
6 5
15 26
11 11
13 17
1 29
11 26
9 22
14 1
13 11
1 10
13 20
8 28
0 2
3 24
6 13
2 29
12 19
4 14
0 0
10 29
6 10
9 18
5 26
4 25
4 3
15 5
13 30
13 29
0 22
10 9
1 16
7 12
0 25
4 5
13 8
11 5
15 22
4 5
12 20
7 30
1 0
8 4
6 9
10 17
2 26
3 30
2 20
11 18
14 13
7 15
3 9
3 15
6 0
1 17
6 10
1 21
8 26
1 16
15 27
8 21
9 10
11 16
9 30
12 29
0 8
5 13
6 9
14 17
3 4
7 3
10 8
12 25
7 13
1 14
9 22
6 0
11 2
1 22
6 22
11 20
9 11
0 9
8 26
1 13
12 17
12 25
6 16
0 0
11 7
11 22
11 30
13 1
14 14
11 29
15 3
8 21
9 26
12 18
1 16
0 10
10 14
13 25
2 30
10 0
0 18
13 13
3 6
9 30
15 3
10 18
2 19
4 10
5 3
9 19
3 13
15 20
15 19
0 8
12 30
6 12
12 30
5 17
2 30
7 17
13 8
7 11
6 0
13 18
0 30
10 28
13 14
8 17
8 27
2 8
1 6
13 7
5 9
5 15
15 29
2 6
0 25
12 2
7 6
3 28
8 21
0 30
8 20
3 13
10 17
6 29
13 28
5 8
4 4
0 26
10 12
5 13
11 14
4 16
14 28
3 1
9 6
7 0
4 2
8 15
15 27
6 1
12 10
14 18
10 16
1 0
2 15
4 8
7 7
10 22
13 28
15 21
9 30
1 26
15 27
12 1
11 14
0 21
2 25
12 18
2 1
12 26
5 22
13 11
15 17
8 17
2 16
7 16
13 11
5 29
2 13
8 3
7 28
13 16
14 14
2 19
15 24
9 28
4 25
13 26
8 26
9 10
3 25
8 0
2 26
7 1
10 16
4 17
0 13
15 26
4 2
3 29
5 0
6 9
15 25
9 3
9 23
1 11
4 25
6 15
9 12
4 5
11 21
13 27
7 7
10 17
7 15
4 22
8 8
4 23
8 20
8 29
2 18
11 25
15 29
6 29
11 12
9 23
5 12
2 11
4 28
13 2
10 9
0 16
10 15
5 23
